#Created by C++ matrix writer.
-1.6583 -0.939658 4.06635 
-1.64963 -0.764842 4.1647 
-1.64193 -0.589684 4.2666 
-1.63194 -0.411595 4.36373 
-1.6232 -0.232543 4.46467 
-1.61442 -0.0520041 4.56506 
-1.68702 -0.850007 3.89093 
-1.67832 -0.675084 3.98858 
-1.66895 -0.499186 4.08647 
-1.65982 -0.320975 4.18396 
-1.65255 -0.1413 4.28635 
-1.6421 0.0394992 4.38305 
-1.71566 -0.7599 3.71428 
-1.70515 -0.584676 3.80891 
-1.69758 -0.407935 3.90794 
-1.6898 -0.229611 4.00773 
-1.67892 -0.0506853 4.10234 
-1.67186 0.130607 4.20417 
-1.74259 -0.669427 3.53543 
-1.73565 -0.494903 3.63477 
-1.72622 -0.317298 3.7295 
-1.71825 -0.139399 3.82854 
-1.70944 0.0404719 3.9258 
-1.69988 0.221617 4.02289 
-1.77344 -0.579915 3.36126 
-1.76499 -0.404164 3.45804 
-1.75472 -0.227168 3.551 
-1.74558 -0.0481469 3.64636 
-1.73743 0.13189 3.74397 
-1.72741 0.31308 3.83876 
-1.80024 -0.489424 3.18338 
-1.79005 -0.314168 3.27758 
-1.7817 -0.135944 3.37051 
-1.77423 0.0424804 3.46754 
-1.76355 0.222704 3.56007 
-1.75587 0.404221 3.65844 
-1.82671 -0.399941 3.00684 
-1.81727 -0.223656 3.10035 
-1.80913 -0.0462008 3.19207 
-1.8016 0.132368 3.28698 
-1.79184 0.312821 3.38029 
-1.78298 0.494389 3.47521 
-1.85384 -0.30996 2.82852 
-1.84368 -0.133602 2.92026 
-1.83425 0.0438359 3.01395 
-1.82251 0.223193 3.10405 
-1.81596 0.403299 3.19938 
-1.80891 0.584885 3.29349 
0.514093 -1.34369 4.52319 
0.53051 -1.16447 4.63355 
0.547489 -0.984138 4.74513 
0.564149 -0.802807 4.86562 
0.581623 -0.617326 4.97932 
0.599567 -0.430744 5.09522 
0.306701 -1.33957 4.54692 
0.322495 -1.16172 4.65649 
0.337256 -0.981233 4.7704 
0.353458 -0.799105 4.88117 
0.36935 -0.613398 4.99177 
0.385643 -0.429338 5.11665 
0.101783 -1.33288 4.56364 
0.116071 -1.15802 4.67871 
0.130837 -0.977339 4.78606 
0.145107 -0.79542 4.89573 
0.16005 -0.611903 5.01241 
0.175109 -0.42659 5.12783 
-0.101136 -1.32874 4.58454 
-0.0874989 -1.15156 4.69198 
-0.0743316 -0.972649 4.79927 
-0.0612465 -0.790823 4.90976 
-0.0472599 -0.608902 5.02462 
-0.0336993 -0.423597 5.1365 
-0.302601 -1.32393 4.60423 
-0.290286 -1.14701 4.71014 
-0.27851 -0.969841 4.82197 
-0.265472 -0.788864 4.93156 
-0.252397 -0.606221 5.03904 
-0.239684 -0.42255 5.15068 
-0.502743 -1.3195 4.62579 
-0.491251 -1.14313 4.73093 
-0.479216 -0.964422 4.83437 
-0.4681 -0.784945 4.94563 
-0.456565 -0.603182 5.05499 
-0.445109 -0.420651 5.1692 
-0.699466 -1.31314 4.63977 
-0.690163 -1.13848 4.74854 
-0.679239 -0.960999 4.85437 
-0.668683 -0.781521 4.96186 
-0.657232 -0.600149 5.06623 
-0.645557 -0.417647 5.17479 
-0.895816 -1.30806 4.65949 
-0.888535 -1.1354 4.77246 
-0.877802 -0.956965 4.87241 
-0.868243 -0.777848 4.97754 
-0.856818 -0.597211 5.08155 
-0.846581 -0.415508 5.18966 
-0.804389 0.261165 4.95928 
-0.837997 0.353763 4.77694 
-0.871459 0.446534 4.58963 
-0.90469 0.539232 4.40577 
-0.937503 0.631285 4.21818 
-0.969254 0.723844 4.03273 
-0.601838 0.26249 4.94313 
-0.637195 0.355548 4.76171 
-0.670063 0.448681 4.57549 
-0.703906 0.542274 4.38927 
-0.735539 0.634603 4.19848 
-0.768103 0.727127 4.01099 
-0.400041 0.263914 4.93958 
-0.432616 0.3579 4.74607 
-0.46696 0.452018 4.56002 
-0.500102 0.545441 4.37286 
-0.534085 0.639358 4.1856 
-0.565692 0.731679 3.99435 
-0.192202 0.263819 4.92042 
-0.227355 0.359021 4.7347 
-0.260368 0.452707 4.54151 
-0.294895 0.549107 4.35691 
-0.328168 0.64368 4.17023 
-0.361217 0.737215 3.97941 
0.016293 0.268074 4.90678 
-0.0174467 0.362943 4.72082 
-0.0529891 0.458439 4.53646 
-0.0855178 0.552698 4.33924 
-0.119869 0.648584 4.15337 
-0.152968 0.7427 3.96175 
0.228511 0.270079 4.89681 
0.192902 0.365962 4.70709 
0.159113 0.461728 4.51901 
0.124505 0.556965 4.32414 
0.0907803 0.653558 4.13694 
0.0569338 0.748474 3.94431 
0.442265 0.271617 4.88011 
0.407853 0.368296 4.69071 
0.372609 0.465213 4.50476 
0.338379 0.561925 4.31208 
0.303638 0.65863 4.12048 
0.26927 0.754946 3.93002 
0.659702 0.274124 4.86822 
0.624454 0.371371 4.68122 
0.589567 0.468931 4.4852 
0.554539 0.566828 4.29782 
0.520348 0.664372 4.10467 
0.485619 0.761467 3.91491 

