#Created by C++ matrix writer.
-0.245198 -0.25865 2.47263 
-0.24565 -0.13919 2.47468 
-0.245797 -0.019326 2.47603 
-0.246807 0.100369 2.47861 
-0.24877 0.220195 2.48192 
-0.250623 0.339889 2.48472 
-0.160089 -0.261706 2.55388 
-0.160477 -0.14196 2.55597 
-0.162377 -0.0223852 2.55894 
-0.163771 0.0970389 2.56156 
-0.164983 0.216907 2.56453 
-0.166205 0.336483 2.56638 
-0.0759403 -0.264468 2.63596 
-0.0763998 -0.145166 2.63757 
-0.0777489 -0.0254204 2.6403 
-0.0791082 0.0939774 2.64284 
-0.0802668 0.213555 2.64488 
-0.0815721 0.333268 2.64774 
0.00844983 -0.267476 2.7178 
0.00762056 -0.148022 2.72012 
0.0063697 -0.0286383 2.72322 
0.00538739 0.0908704 2.72535 
0.00428044 0.210273 2.72721 
0.00323893 0.329718 2.72889 
0.0928616 -0.270531 2.79992 
0.091962 -0.151249 2.80273 
0.0910531 -0.0317466 2.80521 
0.0899567 0.0876211 2.80689 
0.0886962 0.207052 2.8094 
0.0875034 0.326551 2.81144 
0.177064 -0.273607 2.8815 
0.175944 -0.154416 2.88554 
0.175303 -0.0348147 2.88604 
0.17392 0.0845929 2.88955 
0.173051 0.203911 2.89014 
0.17179 0.323181 2.8918 
0.261173 -0.276589 2.96317 
0.260179 -0.157144 2.96512 
0.259231 -0.0377536 2.96769 
0.258269 0.0814897 2.96998 
0.256675 0.20088 2.97323 
0.255726 0.319949 2.97294 
0.344951 -0.279546 3.04601 
0.344224 -0.160361 3.04807 
0.343107 -0.041021 3.05093 
0.341843 0.0784146 3.05253 
0.340572 0.197638 3.05403 
0.339116 0.317025 3.05606 
0.951018 -0.280298 3.06175 
0.949011 -0.161605 3.06465 
0.946641 -0.0426501 3.06637 
0.944574 0.0761132 3.06908 
0.942674 0.194989 3.07315 
0.94038 0.313896 3.07435 
1.036 -0.274866 2.97502 
1.03407 -0.156137 2.97828 
1.03186 -0.0373032 2.98141 
1.02955 0.0814021 2.98287 
1.02782 0.200296 2.98536 
1.02586 0.319157 2.98925 
1.12071 -0.269293 2.88909 
1.11885 -0.150496 2.89136 
1.11683 -0.0319741 2.89501 
1.11465 0.0868206 2.89647 
1.11254 0.205624 2.8993 
1.1109 0.324521 2.90336 
1.20569 -0.263784 2.80313 
1.20388 -0.145214 2.80612 
1.20178 -0.0264646 2.80847 
1.19943 0.0922047 2.81023 
1.19769 0.210921 2.81343 
1.19575 0.329469 2.81567 
1.28997 -0.258325 2.716 
1.28801 -0.139703 2.71821 
1.28616 -0.0210695 2.72157 
1.28381 0.0975731 2.72432 
1.28206 0.216046 2.72655 
1.27991 0.334776 2.72929 
1.37432 -0.252633 2.63002 
1.373 -0.134204 2.63267 
1.37102 -0.0156039 2.63526 
1.36919 0.103032 2.63895 
1.36712 0.221488 2.641 
1.36534 0.339897 2.6436 
1.45942 -0.247288 2.54417 
1.45777 -0.128665 2.54761 
1.45552 -0.0103048 2.55002 
1.45385 0.108291 2.55344 
1.45129 0.22676 2.55533 
1.45053 0.345264 2.55932 
1.54446 -0.241877 2.45947 
1.54226 -0.123225 2.46217 
1.54066 -0.00481855 2.4649 
1.53855 0.113561 2.46807 
1.53663 0.23211 2.47031 
1.53501 0.350367 2.47304 
0.760608 0.603837 2.82853 
0.675675 0.605724 2.74646 
0.591386 0.607759 2.66554 
0.506732 0.609907 2.58478 
0.42144 0.612208 2.50487 
0.337493 0.614658 2.4248 
0.844474 0.607568 2.73941 
0.760291 0.610147 2.66117 
0.6753 0.611863 2.57887 
0.591393 0.614411 2.49958 
0.506898 0.616446 2.41847 
0.422204 0.618731 2.33869 
0.929658 0.61242 2.6555 
0.844497 0.614338 2.57352 
0.760489 0.61649 2.49254 
0.676376 0.618915 2.41357 
0.591777 0.620995 2.33252 
0.5069 0.622262 2.25012 
1.01421 0.615925 2.56918 
0.929424 0.6182 2.48818 
0.845056 0.620334 2.40836 
0.760354 0.623013 2.32604 
0.676179 0.624938 2.24471 
0.591999 0.627279 2.16567 
1.09784 0.621556 2.48179 
1.0134 0.623254 2.40048 
0.92938 0.625293 2.31891 
0.844778 0.6274 2.2383 
0.760383 0.629187 2.15631 
0.67658 0.631658 2.07726 
1.18188 0.625779 2.39364 
1.09809 0.62835 2.31491 
1.01331 0.629813 2.23234 
0.929331 0.63195 2.15246 
0.845095 0.634033 2.07093 
0.76148 0.636238 1.9904 
1.2657 0.630129 2.30728 
1.18171 0.632273 2.22682 
1.09802 0.63476 2.1473 
1.0135 0.636659 2.0655 
0.929267 0.638727 1.98414 
0.845645 0.640726 1.90343 
1.34976 0.635078 2.22128 
1.26557 0.636735 2.1399 
1.18172 0.639302 2.05991 
1.09766 0.641353 1.97837 
1.01392 0.643765 1.89842 
0.929908 0.645686 1.81709 

